S
8.9
-10.8
2.8
7
6.6
16.1
1
-9.5
-7.2
-0.4
-5.6
-2.2
10.5
-0.6
9.5
5.9
7.4
13.9
9.7
-1.3
-4.6
-0.6
-8.5
-1.2
4.5
2.4
7.5
3.4
-2.6
-4.8
-6.3
2
-6.3
4.5
-1.3
9.6
8.2
4.1
1.4
-7.4
5.4
12.7
-8.9
10
-2.2
-4.2
0.8
-5.3
9.1
-5.2
10
3.6
-5.8
-5.8
0.6
-9.9
-5.6
-7.1
-1.7
5.2
2.6
-8.5
1.5
7.7
-8.4
-6.6
3.4
3.5
-1.8
3.4
-2
5.4
-10
-5.2
7.3
5.8
-3.4
-7.2
3.8
1.4
2
9.5
9.9
-7.6
1.2
-4.5
-2
-5.8
6.3
2.6
-3.4
8.6
-9.6
-9.8
6.2
-7.8
-4.9
7.3
-5
-3.6
-4.7
-5.3
-4.6
-8.5
2.8
1.7
-5.2
4
-3.7
7.2
-6.8
5.9
6.6
7.2
-1.1
-8.7
6.7
-0.3
5.9
-5.3
-4.2
5.8
2.7
7.7
4.4
-1.8
-8
1.9
-3.7
2.2
-6.3
-4.8
5.1
-6.6
4.6
-3.2
-9.5
-8.4
9.5
-6.3
7.8
-4.3
7.7
2.5
